55961337_0_6548713781034932742.csv~Row17,97941125_0_8220652154649529701.csv~Row34,True
55961337_0_6548713781034932742.csv~Row17,97941125_0_8220652154649529701.csv~Row22,True
55961337_0_6548713781034932742.csv~Row43,97941125_0_8220652154649529701.csv~Row4,True
55961337_0_6548713781034932742.csv~Row43,97941125_0_8220652154649529701.csv~Row20,True
55961337_0_6548713781034932742.csv~Row43,97941125_0_8220652154649529701.csv~Row13,True
55961337_0_6548713781034932742.csv~Row40,97941125_0_8220652154649529701.csv~Row4,True
55961337_0_6548713781034932742.csv~Row40,97941125_0_8220652154649529701.csv~Row20,True
55961337_0_6548713781034932742.csv~Row40,97941125_0_8220652154649529701.csv~Row13,True
55961337_0_6548713781034932742.csv~Row35,97941125_0_8220652154649529701.csv~Row4,True
55961337_0_6548713781034932742.csv~Row35,97941125_0_8220652154649529701.csv~Row20,True
55961337_0_6548713781034932742.csv~Row35,97941125_0_8220652154649529701.csv~Row13,True
55961337_0_6548713781034932742.csv~Row41,97941125_0_8220652154649529701.csv~Row4,True
55961337_0_6548713781034932742.csv~Row41,97941125_0_8220652154649529701.csv~Row20,True
55961337_0_6548713781034932742.csv~Row41,97941125_0_8220652154649529701.csv~Row13,True
55961337_0_6548713781034932742.csv~Row9,97941125_0_8220652154649529701.csv~Row12,True
55961337_0_6548713781034932742.csv~Row25,97941125_0_8220652154649529701.csv~Row6,True
55961337_0_6548713781034932742.csv~Row25,97941125_0_8220652154649529701.csv~Row8,True
55961337_0_6548713781034932742.csv~Row27,97941125_0_8220652154649529701.csv~Row31,True
55961337_0_6548713781034932742.csv~Row27,97941125_0_8220652154649529701.csv~Row3,True
55961337_0_6548713781034932742.csv~Row28,97941125_0_8220652154649529701.csv~Row31,True
55961337_0_6548713781034932742.csv~Row28,97941125_0_8220652154649529701.csv~Row3,True
