74491133_0_7177831100884797849.csv~Row146,11688006_0_8123036130090004213.csv~Row33,True
74491133_0_7177831100884797849.csv~Row119,11688006_0_8123036130090004213.csv~Row127,True
74491133_0_7177831100884797849.csv~Row154,11688006_0_8123036130090004213.csv~Row184,True
74491133_0_7177831100884797849.csv~Row17,11688006_0_8123036130090004213.csv~Row85,True
74491133_0_7177831100884797849.csv~Row131,11688006_0_8123036130090004213.csv~Row120,True
74491133_0_7177831100884797849.csv~Row104,11688006_0_8123036130090004213.csv~Row121,True
74491133_0_7177831100884797849.csv~Row151,11688006_0_8123036130090004213.csv~Row53,True
74491133_0_7177831100884797849.csv~Row199,11688006_0_8123036130090004213.csv~Row70,True
74491133_0_7177831100884797849.csv~Row123,11688006_0_8123036130090004213.csv~Row124,True
74491133_0_7177831100884797849.csv~Row125,11688006_0_8123036130090004213.csv~Row23,True
74491133_0_7177831100884797849.csv~Row134,11688006_0_8123036130090004213.csv~Row7,True
74491133_0_7177831100884797849.csv~Row78,11688006_0_8123036130090004213.csv~Row65,True
74491133_0_7177831100884797849.csv~Row39,11688006_0_8123036130090004213.csv~Row0,True
74491133_0_7177831100884797849.csv~Row42,11688006_0_8123036130090004213.csv~Row123,True
74491133_0_7177831100884797849.csv~Row187,11688006_0_8123036130090004213.csv~Row114,True
74491133_0_7177831100884797849.csv~Row124,11688006_0_8123036130090004213.csv~Row49,True
74491133_0_7177831100884797849.csv~Row72,11688006_0_8123036130090004213.csv~Row118,True
74491133_0_7177831100884797849.csv~Row115,11688006_0_8123036130090004213.csv~Row168,True
74491133_0_7177831100884797849.csv~Row93,11688006_0_8123036130090004213.csv~Row94,True
74491133_0_7177831100884797849.csv~Row166,11688006_0_8123036130090004213.csv~Row159,True
74491133_0_7177831100884797849.csv~Row173,11688006_0_8123036130090004213.csv~Row86,True
74491133_0_7177831100884797849.csv~Row110,11688006_0_8123036130090004213.csv~Row162,True
74491133_0_7177831100884797849.csv~Row83,11688006_0_8123036130090004213.csv~Row81,True
74491133_0_7177831100884797849.csv~Row181,11688006_0_8123036130090004213.csv~Row77,True
74491133_0_7177831100884797849.csv~Row106,11688006_0_8123036130090004213.csv~Row125,True
74491133_0_7177831100884797849.csv~Row198,11688006_0_8123036130090004213.csv~Row68,True
74491133_0_7177831100884797849.csv~Row40,11688006_0_8123036130090004213.csv~Row28,True
74491133_0_7177831100884797849.csv~Row164,11688006_0_8123036130090004213.csv~Row108,True
74491133_0_7177831100884797849.csv~Row22,11688006_0_8123036130090004213.csv~Row82,True
74491133_0_7177831100884797849.csv~Row33,11688006_0_8123036130090004213.csv~Row35,True
74491133_0_7177831100884797849.csv~Row147,11688006_0_8123036130090004213.csv~Row75,True
74491133_0_7177831100884797849.csv~Row59,11688006_0_8123036130090004213.csv~Row157,True
74491133_0_7177831100884797849.csv~Row45,11688006_0_8123036130090004213.csv~Row119,True
74491133_0_7177831100884797849.csv~Row163,11688006_0_8123036130090004213.csv~Row104,True
74491133_0_7177831100884797849.csv~Row192,11688006_0_8123036130090004213.csv~Row126,True
74491133_0_7177831100884797849.csv~Row55,11688006_0_8123036130090004213.csv~Row150,True
74491133_0_7177831100884797849.csv~Row177,11688006_0_8123036130090004213.csv~Row20,True
74491133_0_7177831100884797849.csv~Row137,11688006_0_8123036130090004213.csv~Row113,True
74491133_0_7177831100884797849.csv~Row58,11688006_0_8123036130090004213.csv~Row103,True
74491133_0_7177831100884797849.csv~Row91,11688006_0_8123036130090004213.csv~Row38,True
74491133_0_7177831100884797849.csv~Row155,11688006_0_8123036130090004213.csv~Row172,True
74491133_0_7177831100884797849.csv~Row133,11688006_0_8123036130090004213.csv~Row62,True
74491133_0_7177831100884797849.csv~Row168,11688006_0_8123036130090004213.csv~Row24,True
74491133_0_7177831100884797849.csv~Row194,11688006_0_8123036130090004213.csv~Row170,True
74491133_0_7177831100884797849.csv~Row51,11688006_0_8123036130090004213.csv~Row107,True
74491133_0_7177831100884797849.csv~Row167,11688006_0_8123036130090004213.csv~Row87,True
74491133_0_7177831100884797849.csv~Row13,11688006_0_8123036130090004213.csv~Row165,True
74491133_0_7177831100884797849.csv~Row152,11688006_0_8123036130090004213.csv~Row8,True
74491133_0_7177831100884797849.csv~Row157,11688006_0_8123036130090004213.csv~Row175,True
74491133_0_7177831100884797849.csv~Row50,11688006_0_8123036130090004213.csv~Row18,True
74491133_0_7177831100884797849.csv~Row144,11688006_0_8123036130090004213.csv~Row40,True
74491133_0_7177831100884797849.csv~Row20,11688006_0_8123036130090004213.csv~Row88,True
74491133_0_7177831100884797849.csv~Row182,11688006_0_8123036130090004213.csv~Row17,True
74491133_0_7177831100884797849.csv~Row37,11688006_0_8123036130090004213.csv~Row72,True
74491133_0_7177831100884797849.csv~Row116,11688006_0_8123036130090004213.csv~Row64,True
74491133_0_7177831100884797849.csv~Row85,11688006_0_8123036130090004213.csv~Row93,True
74491133_0_7177831100884797849.csv~Row180,11688006_0_8123036130090004213.csv~Row177,True
74491133_0_7177831100884797849.csv~Row12,11688006_0_8123036130090004213.csv~Row89,True
74491133_0_7177831100884797849.csv~Row96,11688006_0_8123036130090004213.csv~Row100,True
74491133_0_7177831100884797849.csv~Row186,11688006_0_8123036130090004213.csv~Row27,True
74491133_0_7177831100884797849.csv~Row174,11688006_0_8123036130090004213.csv~Row92,True
74491133_0_7177831100884797849.csv~Row23,11688006_0_8123036130090004213.csv~Row122,True
74491133_0_7177831100884797849.csv~Row140,11688006_0_8123036130090004213.csv~Row188,True
74491133_0_7177831100884797849.csv~Row60,11688006_0_8123036130090004213.csv~Row110,True
74491133_0_7177831100884797849.csv~Row122,11688006_0_8123036130090004213.csv~Row174,True
74491133_0_7177831100884797849.csv~Row34,11688006_0_8123036130090004213.csv~Row161,True
74491133_0_7177831100884797849.csv~Row57,11688006_0_8123036130090004213.csv~Row15,True
74491133_0_7177831100884797849.csv~Row80,11688006_0_8123036130090004213.csv~Row78,True
74491133_0_7177831100884797849.csv~Row38,11688006_0_8123036130090004213.csv~Row58,True
74491133_0_7177831100884797849.csv~Row67,11688006_0_8123036130090004213.csv~Row19,True
74491133_0_7177831100884797849.csv~Row172,11688006_0_8123036130090004213.csv~Row149,True
74491133_0_7177831100884797849.csv~Row29,11688006_0_8123036130090004213.csv~Row60,True
74491133_0_7177831100884797849.csv~Row170,11688006_0_8123036130090004213.csv~Row32,True
74491133_0_7177831100884797849.csv~Row95,11688006_0_8123036130090004213.csv~Row135,True
74491133_0_7177831100884797849.csv~Row41,11688006_0_8123036130090004213.csv~Row158,True
74491133_0_7177831100884797849.csv~Row92,11688006_0_8123036130090004213.csv~Row117,True
74491133_0_7177831100884797849.csv~Row127,11688006_0_8123036130090004213.csv~Row39,True
74491133_0_7177831100884797849.csv~Row66,11688006_0_8123036130090004213.csv~Row109,True
74491133_0_7177831100884797849.csv~Row132,11688006_0_8123036130090004213.csv~Row105,True
74491133_0_7177831100884797849.csv~Row7,11688006_0_8123036130090004213.csv~Row31,True
74491133_0_7177831100884797849.csv~Row65,11688006_0_8123036130090004213.csv~Row152,True
74491133_0_7177831100884797849.csv~Row48,11688006_0_8123036130090004213.csv~Row76,True
74491133_0_7177831100884797849.csv~Row102,11688006_0_8123036130090004213.csv~Row102,True
74491133_0_7177831100884797849.csv~Row16,11688006_0_8123036130090004213.csv~Row169,True
74491133_0_7177831100884797849.csv~Row2,11688006_0_8123036130090004213.csv~Row34,True
74491133_0_7177831100884797849.csv~Row103,11688006_0_8123036130090004213.csv~Row136,True
74491133_0_7177831100884797849.csv~Row193,11688006_0_8123036130090004213.csv~Row44,True
74491133_0_7177831100884797849.csv~Row108,11688006_0_8123036130090004213.csv~Row185,True
74491133_0_7177831100884797849.csv~Row27,11688006_0_8123036130090004213.csv~Row164,True
74491133_0_7177831100884797849.csv~Row21,11688006_0_8123036130090004213.csv~Row156,True
74491133_0_7177831100884797849.csv~Row107,11688006_0_8123036130090004213.csv~Row99,True
74491133_0_7177831100884797849.csv~Row162,11688006_0_8123036130090004213.csv~Row69,True
74491133_0_7177831100884797849.csv~Row75,11688006_0_8123036130090004213.csv~Row71,True
74491133_0_7177831100884797849.csv~Row46,11688006_0_8123036130090004213.csv~Row73,True
74491133_0_7177831100884797849.csv~Row112,11688006_0_8123036130090004213.csv~Row54,True
74491133_0_7177831100884797849.csv~Row0,11688006_0_8123036130090004213.csv~Row41,True
74491133_0_7177831100884797849.csv~Row4,11688006_0_8123036130090004213.csv~Row181,True
74491133_0_7177831100884797849.csv~Row195,11688006_0_8123036130090004213.csv~Row42,True
74491133_0_7177831100884797849.csv~Row94,11688006_0_8123036130090004213.csv~Row22,True
74491133_0_7177831100884797849.csv~Row126,11688006_0_8123036130090004213.csv~Row137,True
74491133_0_7177831100884797849.csv~Row183,11688006_0_8123036130090004213.csv~Row111,True
74491133_0_7177831100884797849.csv~Row49,11688006_0_8123036130090004213.csv~Row48,True
74491133_0_7177831100884797849.csv~Row61,11688006_0_8123036130090004213.csv~Row147,True
74491133_0_7177831100884797849.csv~Row169,11688006_0_8123036130090004213.csv~Row26,True
74491133_0_7177831100884797849.csv~Row101,11688006_0_8123036130090004213.csv~Row106,True
74491133_0_7177831100884797849.csv~Row88,11688006_0_8123036130090004213.csv~Row1,True
74491133_0_7177831100884797849.csv~Row31,11688006_0_8123036130090004213.csv~Row67,True
74491133_0_7177831100884797849.csv~Row82,11688006_0_8123036130090004213.csv~Row155,True
74491133_0_7177831100884797849.csv~Row171,11688006_0_8123036130090004213.csv~Row160,True
74491133_0_7177831100884797849.csv~Row138,11688006_0_8123036130090004213.csv~Row133,True
74491133_0_7177831100884797849.csv~Row98,11688006_0_8123036130090004213.csv~Row30,True
74491133_0_7177831100884797849.csv~Row43,11688006_0_8123036130090004213.csv~Row115,True
74491133_0_7177831100884797849.csv~Row159,11688006_0_8123036130090004213.csv~Row187,True
74491133_0_7177831100884797849.csv~Row179,11688006_0_8123036130090004213.csv~Row98,True
74491133_0_7177831100884797849.csv~Row1,11688006_0_8123036130090004213.csv~Row131,True
74491133_0_7177831100884797849.csv~Row190,11688006_0_8123036130090004213.csv~Row2,True
74491133_0_7177831100884797849.csv~Row113,11688006_0_8123036130090004213.csv~Row63,True
74491133_0_7177831100884797849.csv~Row6,11688006_0_8123036130090004213.csv~Row179,True
74491133_0_7177831100884797849.csv~Row176,11688006_0_8123036130090004213.csv~Row96,True
74491133_0_7177831100884797849.csv~Row150,11688006_0_8123036130090004213.csv~Row25,True
74491133_0_7177831100884797849.csv~Row128,11688006_0_8123036130090004213.csv~Row59,True
74491133_0_7177831100884797849.csv~Row189,11688006_0_8123036130090004213.csv~Row29,True
74491133_0_7177831100884797849.csv~Row158,11688006_0_8123036130090004213.csv~Row171,True
74491133_0_7177831100884797849.csv~Row99,11688006_0_8123036130090004213.csv~Row178,True
74491133_0_7177831100884797849.csv~Row87,11688006_0_8123036130090004213.csv~Row167,True
74491133_0_7177831100884797849.csv~Row36,11688006_0_8123036130090004213.csv~Row116,True
74491133_0_7177831100884797849.csv~Row15,11688006_0_8123036130090004213.csv~Row6,True
74491133_0_7177831100884797849.csv~Row105,11688006_0_8123036130090004213.csv~Row138,True
74491133_0_7177831100884797849.csv~Row109,11688006_0_8123036130090004213.csv~Row128,True
74491133_0_7177831100884797849.csv~Row86,11688006_0_8123036130090004213.csv~Row83,True
74491133_0_7177831100884797849.csv~Row47,11688006_0_8123036130090004213.csv~Row154,True
74491133_0_7177831100884797849.csv~Row28,11688006_0_8123036130090004213.csv~Row95,True
74491133_0_7177831100884797849.csv~Row178,11688006_0_8123036130090004213.csv~Row140,True
74491133_0_7177831100884797849.csv~Row18,11688006_0_8123036130090004213.csv~Row74,True
74491133_0_7177831100884797849.csv~Row145,11688006_0_8123036130090004213.csv~Row11,True
74491133_0_7177831100884797849.csv~Row89,11688006_0_8123036130090004213.csv~Row3,True
74491133_0_7177831100884797849.csv~Row149,11688006_0_8123036130090004213.csv~Row143,True
74491133_0_7177831100884797849.csv~Row165,11688006_0_8123036130090004213.csv~Row139,True
74491133_0_7177831100884797849.csv~Row188,11688006_0_8123036130090004213.csv~Row21,True
74491133_0_7177831100884797849.csv~Row160,11688006_0_8123036130090004213.csv~Row173,True
74491133_0_7177831100884797849.csv~Row184,11688006_0_8123036130090004213.csv~Row190,True
74491133_0_7177831100884797849.csv~Row143,11688006_0_8123036130090004213.csv~Row101,True
74491133_0_7177831100884797849.csv~Row142,11688006_0_8123036130090004213.csv~Row97,True
74491133_0_7177831100884797849.csv~Row74,11688006_0_8123036130090004213.csv~Row46,True
74491133_0_7177831100884797849.csv~Row196,11688006_0_8123036130090004213.csv~Row12,True
74491133_0_7177831100884797849.csv~Row11,11688006_0_8123036130090004213.csv~Row91,True
74491133_0_7177831100884797849.csv~Row81,11688006_0_8123036130090004213.csv~Row144,True
74491133_0_7177831100884797849.csv~Row52,11688006_0_8123036130090004213.csv~Row151,True
74491133_0_7177831100884797849.csv~Row90,11688006_0_8123036130090004213.csv~Row16,True
74491133_0_7177831100884797849.csv~Row97,11688006_0_8123036130090004213.csv~Row61,True
74491133_0_7177831100884797849.csv~Row161,11688006_0_8123036130090004213.csv~Row45,True
74491133_0_7177831100884797849.csv~Row62,11688006_0_8123036130090004213.csv~Row14,True
74491133_0_7177831100884797849.csv~Row100,11688006_0_8123036130090004213.csv~Row132,True
74491133_0_7177831100884797849.csv~Row71,11688006_0_8123036130090004213.csv~Row142,True
74491133_0_7177831100884797849.csv~Row139,11688006_0_8123036130090004213.csv~Row5,True
74491133_0_7177831100884797849.csv~Row24,11688006_0_8123036130090004213.csv~Row141,True
74491133_0_7177831100884797849.csv~Row114,11688006_0_8123036130090004213.csv~Row43,True
74491133_0_7177831100884797849.csv~Row175,11688006_0_8123036130090004213.csv~Row50,True
74491133_0_7177831100884797849.csv~Row153,11688006_0_8123036130090004213.csv~Row79,True
74491133_0_7177831100884797849.csv~Row121,11688006_0_8123036130090004213.csv~Row10,True
74491133_0_7177831100884797849.csv~Row14,11688006_0_8123036130090004213.csv~Row153,True
74491133_0_7177831100884797849.csv~Row30,11688006_0_8123036130090004213.csv~Row90,True
74491133_0_7177831100884797849.csv~Row117,11688006_0_8123036130090004213.csv~Row163,True
74491133_0_7177831100884797849.csv~Row25,11688006_0_8123036130090004213.csv~Row4,True
74491133_0_7177831100884797849.csv~Row141,11688006_0_8123036130090004213.csv~Row129,True
74491133_0_7177831100884797849.csv~Row5,11688006_0_8123036130090004213.csv~Row57,True
74491133_0_7177831100884797849.csv~Row73,11688006_0_8123036130090004213.csv~Row13,True
74491133_0_7177831100884797849.csv~Row53,11688006_0_8123036130090004213.csv~Row182,True
74491133_0_7177831100884797849.csv~Row185,11688006_0_8123036130090004213.csv~Row36,True
74491133_0_7177831100884797849.csv~Row32,11688006_0_8123036130090004213.csv~Row56,True
74491133_0_7177831100884797849.csv~Row19,11688006_0_8123036130090004213.csv~Row166,True
74491133_0_7177831100884797849.csv~Row8,11688006_0_8123036130090004213.csv~Row130,True
74491133_0_7177831100884797849.csv~Row54,11688006_0_8123036130090004213.csv~Row80,True
74491133_0_7177831100884797849.csv~Row70,11688006_0_8123036130090004213.csv~Row145,True
74491133_0_7177831100884797849.csv~Row56,11688006_0_8123036130090004213.csv~Row66,True
74491133_0_7177831100884797849.csv~Row10,11688006_0_8123036130090004213.csv~Row51,True
