Cumulative,Leg,Subtractive
26.97,1,26.97
56.12,2,29.15
1:26.00,3,29.88
1:56.16,4,30.16
2:26.46,5,30.30
2:56.67,6,30.21
3:27.12,7,30.45
3:57.67,8,30.55
4:28.22,9,30.55
4:58.31,10,30.09
