89511064_0_2199624509082573904.csv~Col2,12183399_0_6725061928072492226.csv~Col0,True
