12,7,True
23,8,True
14,16,True
9,6,True
1,30,True
15,83,True
8,29,True
20,17,True
10,10,True
16,46,True
13,31,True
5,19,True
2,5,True
22,58,True
7,63,True
17,52,True
4,78,True
6,42,True
18,15,True
3,2,True
19,1,True
21,3,True
