13,29,True
19,54,True
71,33,True
9,18,True
16,58,True
60,46,True
90,6,True
84,57,True
15,5,True
30,22,True
46,25,True
91,2,True
7,14,True
73,10,True
25,45,True
20,27,True
41,50,True
87,9,True
17,20,True
18,17,True
86,49,True
56,56,True
24,52,True
26,12,True
61,7,True
52,15,True
11,42,True
2,43,True
89,19,True
47,44,True
64,47,True
37,51,True
83,4,True
85,39,True
8,8,True
6,55,True
72,35,True
66,11,True
33,13,True
